1347410943
1261623886
1768747821
506215452
1884682211
1515295129
1379609841
5289648350
5219705460
842063910
1740962097
1906218177
270796918
2134951888
5056691244
914558649
653551916
560298923
1530342875
1905811647
5220124046
2097511286
1391401651
1585113765
5130329214
1037002687
1877336220
5227572374
758248879
1050916879
1519754222
1677185434
897552841
1227429140
1425548975
1992322928
1712778982
5239415419
1738256562
1194747253
1485922945
967035532
765846308
887216997
826749038
1717578864
5139209951
752722021
1793161950
1304343371
1728167423
5138367056
1606160846
5079400627
2128171421
790085563
5286232436
1936486108
1519501433
861290953
746448680
382542910
1776963810
732295185
1847864446
1579428043
1283080286
1984828274
902306347
5045661682
1602959760
1271887124
5222351528
2143380510
924184784
5192490887
5048204091
726440965
1185322076
821188942
1244209311
1757992523
1913127370
1616768208
1837131938
1916256885
1686095224
1231509553
1208325911
899503750
2133352831
5262395626
5297629332
747665930
469125742
898151230
5208463727
842122528
1570132287
2140340235
1239153197
655679095
1223234653
636565409
5103307095
1064525654
832968814
5074583186
2136970074
677419301
5096904103
1069962448
1652403429
5170786259
5237539720
2036773367
930822403
294063349
5153635719
408930090
5100627802
5170258018
1217985325
1960737092
1669186244
5269620144
474176703
1872904298
5164626995
5170548986
5031906911
1652667908
1050059349
2137590141
5046436521
5248545788
2008397932
5225508332
5123953188
5234728441
1780318852
5098981361
5130049055
608909610
5242901605
973755025
1348064448
723053804
5116273486
5178696244
1136592931
1527439731
5005614746
1060012311
1364632787
5175017562
5266189355
5119524195
550567983
1004712427
277767917
903394965
528145706
1217791486
5270183237
5213073598
777799207
5105183791
917552936
2089148578
1062153666
324713168
5206453833
1356866657
1251856627
1830684450
5227175390
1083588696
1057200061
5022777868
5245264244
1954829248
5001434467
838184575
1174443389
5061695892
692677081
1003301492
5272618084
1131036065
920050569
5237389498
626721006
5175612235
791410492
5145884647
1399870942
997723556
5291936451
5249440919
1826016370
751107433
932608766
1779890359
612014013
5229745686
1141009604
542693303
5296921340
531880171
1943146473
5116498936
5161794438
2009356054
848065541
5270943316
5336588539
338235525
1557557698
1767224656
5275922734
2145797589
1077828435
5260114394
5051101020
762426418
1733680530
1356359581
1254199330
990063038
5171196022
5023306447
642311532
5583410259
913621507
5122870298
1880619638
1652546950
2118642180
882859143
5394178609
1004182105
5049519673
1806907236
1044218180
2060777180
1784033134
639264291
1272186775
5377371862
2091110189
5387196314
622223164
5516071701
1961653541
1997702055
5335359608
1712952430
1097876068
666425186
5375678140
1837011644
1326359094
1657111478
5120097671
5339663185
5056429429
5423428332
5240033072
1538770731
5263224130
5594791936
778369072
5327032574
2117996787
2023940956
931396646
1826921138
866860213
962424476
5007199433
1533302859
1151345968
5163568048
5002169364
2120512427
1978164886
5395276725
5064360768
1826241120
1514272588
1980840159
780613507
1625700920
695938202
5540391782
754350522
1877240280
1990436403
1323297859
1054785233
5536935583
5040215633
1842799564
5423077411
1990002927
1143482358
726629473
5376332973
1901197651
1886736934
681883123
1560446027
5119176151
987643318
5171704269
5470170009
5081433091
5120563207
5129721509
982198498
800688700
1472942727
2021831834
5562260708
5311630188
1147998628
5476330551
5430532477
5579859592
5127333404
1334282927
5212681417
1154664069
5024917905
885629523
1972932441
2044810680
5427546830
5234503945
5339539992
875182052
1724765139
2097982499
687364372
5305612487
1997160861
5307467423
1977265673
5272626757
5133913142
2070459268
5455131016
984429380
5071777715
1759455391
5419864170
5049867319
1231202115
5311221377
529976102
5127043301
1990598362
541639065
5329509369
5106529896
1013217309
1103564682
1525852869
1665128893
5495826749
1188686502
5023931693
2037349280
1867318167
1478398884
850441389
1832659753
5128538054
530208516
884606497
592178816
1715232225
5390481936
5563405021
832213208
5291349723
5575177307
1199809089
5220817902
5256451933
5334962883
791253425
1358037928
5438188451
972472336
5119026712
5022045270
5512994344
5590432810
562847611
5269616402
1251838824
5328987550
5387001567
982705707
5430673533
1607469111
2086878219
5166126009
5458651173
1500588211
1609433566
1648761986
5148728422
5360899244
1817848093
5403071141
5443445225
5547592331
1108412059
248051401
5335097985
1317666933
5367646699
650271058
5484817392
1501300268
5277394518
1754875113
5457382032
721911738
1003471941
5306030991
5362485353
5478461504
5528680144
5205003341
1128337137
1290284882
1342827126
1699157450
5182131654
5102684473
5567743631
5494010050
1769259143
1859808260
2141331057
1040032145
1219209495
1268784170
1826610485
1951249844
5095240058
5314818041
818267113
5491802272
1048504120
1448684228
1776526844
5000561855
5523993614
515921155
1675914955
5230039520
5038976735
823369619
1116889021
924738071
1243929038
936383786
5483325169
5510038902
5315275116
5223929978
5425270120
5266691111
5520039364
5509251979
5429180090
5563181420
5476032278
5492044910
5538183839
5468632694
5511608531
5556031007
5573199243
5525505279
5362121045
5440795603
5164308240
5461108767
5510646600
5356592369
5419894928
5556507614
5413898913
5415615929
5502559896
5394089533
5341847563
5490380414
5534372559
5484886346
5315207968
5527455828
5398846521
5462452274
5389792002
5563701115
5484301982
5408974901
5461319564
5525414238
5452956546
5445904962
5515909763
5577642188
5565713883
5519401203
5531464834
5579044395
5567572030
5551878508
5573372732
5455313485
5468451738
5425317776
5550512669
5527411686
5495348747
5417786032
5518094403
5412794787
5530864828
5497951375
5304414374
5596768768
5393307479
5434911182
5445857769
5430402827
5590625611
5506850360
5504348129
5526578676
5593178702
5502947397
5541808379
5423565429
947624534
5548741502
5496841157
5411013869
5522457359
5558957790
5513485751
5531816458
5508099279
5576309808
5541256820
5539916301
5426921648
5572793899
5494648405
5589785529
5542617035
5482059897
5553607152
5494315795
5441420079
5583526020
5593345535
5356561165
5464017119
1473112001
5419224187
5479954531
5476891551
5562311892
5549963079
5371933324
5489937039
5489559225
5564863235
5463199020
5422207203
5253469911
5373025040
5582428930
5409040308
5529996626
5559799024
5333913134
5114685024
5228440442
1170231448
2010270911
710748074
1444897388
1603164780
5101577548
1164238583
786606172
1034082792
5297989616
511580058
5252143987
5140280449
5578691531
5302083825
5574472477
1904740237
5259039545
5566341176
5325896126
1614168920
1809694977
5546281386
5530498678
934271572
305892867
5036499029
5186740654
735648320
5503230540
5485401160
1001984827
5271209158
174746819
5456317554
2104171119
5505998320
5140480574
477147200
5308953835
1888893475
943356966
1170557707
1020234478
1189303408
5087562378
962430363
5451047991
554005340
827450094
767544077
978937108
626186121
957879229
1237160498
5343995850
589869174
1267247529
1039372925
794999791
815862607
5274079987
5474563813
5266266040
1095568409
442524993
5040339705
1039443212
1432377695
743539408
1479734528
1415785992
5522763530
454064153
2054382497
1020067276
463429321
5268035387
1593277025
5150600991
1093219816
871630317
1954026183
812270927
5558553688
5595864013
993442534
943542194
5589330150
968020685
5485025466
1966342175
5493151638
5501964580
1140680243
5449127201
5472778361
898935744
5216026615
1375248737
5318047476
317068250
812935135
5313247720
1748885400
5125406272
5401905607
5503360504
5367633845
5397991383
5484655947
917625999
206276312
5583117713
665170723
1075870179
2071039168
662817208
1201954313
1487479219
1232662906
460764022
1633198857
5498772795
5495448080
5345367504
5140367216
5384784072
1411534437
592093634
5123367173
2092803611
515887338
1063114474
910562948
928075064
459782965
1096470593
846726627
5330769417
485445225
753366575
718691280
698430017
673773975
583271453
575797458
558579279
529523130
1312428133
612711064
605825167
602625171
534582728
537171237
1494086286
539288460
1120999676
586422639
426111889
915484409
525066611
444955605
5067231493
5364595795
542371142
1021808271
364373950
475422376
5377073849
619331067
616749780
658715269
1910880665
1186571172
1239957148
1707628701
1919313480
1880861807
1906465198
694674672
5152056768
916844790
5457780668
865326525
5451695009
2055923288
2142068021
1820909586
837190593
956179213
5319232443
1110445238
652195437
1075424151
871152921
5455193064
1989475869
5396861431
1520357431
2141975385
1903555357
1243471234
223823683
210792257
1283435521
5558293469
5207705728
5439395377
1801313453
299948037
1112366625
5593242908
5221945311
1000904213
1004421501
2055226643
944529930
1937764017
5595850461
5520969524
1727975695
814982852
5063021352
413248070
1117638772
998150106
5359795996
934287193
5203600881
1239609965
999045783
5211263881
5242117380
5067367144
1299811811
5474245835
1042775615
5414294488
1430776025
1901767082
1723476681
1941441473
383828975
1646514071
1992577530
1812728150
1727876003
5520631611
5451586970
1228911677
758267627
5099665423
5396124272
1185611257
1626860368
5236801259
1633937759
1395552398
5373098978
1371386312
1992596876
698100540
5591315119
5293536990
5095065784
5569420295
5524712772
5429498682
1006154239
870380841
5574123544
5491777071
1231199043
1026838733
1205378426
1860862049
1712379846
1979300493
738455933
1513981651
1046541083
5363129047
511575278
922260487
5263134276
1225909087
1016872330
1177442726
5452094998
5591792193
1314371244
1142290222
1905930152
1219307601
5085586972
1502454636
5408029381
5277295355
5301024933
1129238047
5585376999
1849609225
1596367604
815843958
1775487893
5445260938
5399644230
5318831786
5264488088
5243537385
5048644209
920585361
1944830604
1868011259
5584280951
5111626403
5398231683
5199695902
555808189
5412320721
5472951222
5113130240
1747438623
1801817417
669392649
2136951796
2061214264
2097116998
1979664923
5432511298
1017901030
5101463856
5569759561
5475340179
5467630049
1824768629
1931496887
1057869964
5309107552
978718633
5486915874
1732844167
1196775482
5258474745
5365706099
630542170
723674241
549266647
5055407724
5482505007
682037796
5070122585
5171288756
1545239428
1180809561
1060481717
1469665886
5471361824
5191629316
5444517068
1904093392
5432292516
1055711668
5534957038
5294676273
1824178169
669098579
1473097153
5441851073
5568983803
1646991713
5435128790
1354534256
823071363
5564740907
5348880735
5149200501
958331938
1000655329
1265114159
810198453
5200524098
5487619949
5534398514
5249694346
1524611921
5381155630
5571776788
413266876
5567138544
5398292791
5274593949
5338237248
5073570230
945519609
5346364439
5577019046
246819269
1082803603
5526647003
5482986967
5323025157
2075946026
5486093212
5504593999
5236691759
5405596143
544917553
5420966898
5571376816
5576626679
5237338456
608600392
5129726311
5475349343
882553010
1749320654
1205659673
953359030
5271818472
5416113881
5521766817
5489523580
5178285138
1092340025
1948564730
5585378373
937974768
5434130213
1118684731
1202053664
5527855165
1658170571
565476622
2121238749
1884732886
5090296802
5215248453
907995083
855960371
5513515144
5188865486
863203517
5272460209
5580066722
5542812032
5162780331
632844517
507420391
5125454609
727046686
5546466864
1740035663
634731718
5489235291
5555416195
5081571575
5253777623
5408977151
5180014199
5365531576
856229491
5665005390
1064190537
5105340229
5345394061
1925983770
732712087
5255733729
5379679749
5404257951
5589779007
2113989873
950842346
916744238
5430208276
1044747750
5317818290
5277038196
5561447333
5424119786
1335468995
2057112737
5441377350
5585306645
851617943
1765347374
5706274431
1083283328
5512137652
5374749923
5292480203
5090326432
701690257
5216830379
725014565
5320396015
5557813800
5778493091
794782785
5395407759
5230180805
866684831
5127088695
5559629053
5164827809
5510324876
1496956050
1021758585
5543441435
772591988
5090965466
1678578014
5625080326
5435348735
1100989122
5104458279
2118040176
2043486638
5235622070
1377485923
420640782
1094927685
5544510179
836152380
5378118650
5468810724
1892771962
5091749728
484965867
1585750526
1004141309
5530958493
5477589485
2076962990
5036025583
1126524147
5499018337
5416423608
2121599153
5589711597
5512721307
5726182681
5379997637
5228731747
698238895
1500106533
5594987921
5598122104
1055304507
1729344983
818276654
5348169721
5500726909
5247220011
1859663857
5321663224
1039316983
1843577650
5719690817
5270107232
5344472484
5598613902
5269249550
1262153777
5519560652
732736724
499651108
1075094906
5417121245
915273737
5625423760
5332776937
5678952332
5706125640
5771793857
858271195
5555166933
1720029245
5007174744
5622121208
1047719886
5363153230
5713099938
1993453141
2110542442
2007085022
5664737858
5591661395
1952395480
5409230640
897910302
5361602335
420105022
5255828787
1653448531
5664372909
5513693066
880746151
993968701
5461739414
1327348882
5468716980
1373649802
1859475195
2050521343
656033820
1678937897
1839387597
754409907
1901575770
1997593088
622537234
5531750362
1932728810
1003629157
5374868800
5157802040
5299145884
1401079193
5386274932
5022263085
5522588041
1514296664
5470655608
1467155684
5118639409
5237093692
5617621707
870365251
5399834854
5573302843
5402887367
5596035924
749056309
5464898717
5307656752
1226737835
5539096061
5498098755
5573611318
5757899049
5794319225
1439661445
1800237428
573660384
981863842
626576410
5008374215
696988993
586464321
1110500099
5006004280
942640792
5693332050
1874703231
5531882191
5758396734
5541808053
5329252501
905294015
5506035059
1341564139
5422503936
5443995996
1294329500
1208696411
2133897216
1952193341
894324226
732162072
5148653597
5272382326
5486065423
904001792
5519188624
5532974593
1435481238
5144198624
5436870296
254943746
5045268454
1300245186
1012426149
1361321224
5180352869
1008524099
1054821405
861700926
1644111412
1942267108
894878896
5350681812
5618677288
5381494489
581009064
5493231157
5787571765
5435996876
5403341431
5476073465
1432607358
1470116988
5319541939
1821080898
5722925634
1076024803
1186954740
1053267745
5499076325
5680867564
784571948
5123517952
1201171843
5434439433
1318230935
5561210475
5358158010
5429475549
5668747887
5737774365
5388355534
1758347641
5687574489
937051484
841061967
899290607
558462276
1385551133
1877174579
511095128
5735555872
5031935312
1496548524
5649217078
5750924478
5484912197
5433296660
990399586
1848337330
5147421556
5647021176
5335377956
2027556709
1037341612
5220410882
5383996128
5546545824
5579539630
351991541
1017358832
5293269975
621238525
5113705001
5151737624
1960360570
5454393608
5255433285
5513561790
5369488728
5440194040
695576147
5193406813
1414047032
698088764
5244112787
5385537329
5589408016
341872237
851981631
5756693023
680077295
887227894
764141451
705750949
780639967
1521156314
580352608
5523563145
1945466169
2120673849
5586258517
5785868730
5090333204
813097014
5103401398
896087351
5332094376
5340842891
650964434
5755745105
766053279
641416384
693783208
1160450113
1493291660
5107349286
2098076380
5128993382
999076951
5352222327
2049539200
1885317411
702114053
5650677296
2016897765
5164864798
1111733144
5321519073
1207838878
1222498828
982377329
5444412789
5557610137
5794563865
439164413
5488052114
961875284
618563807
5299117778
5303588952
478889883
5534102326
5265449199
5018846319
5470240840
410806150
5625026415
5438211517
910135591
5114650661
5643206233
958521961
5792369927
2090151806
1171022536
464134051
961986072
550417788
1212963541
1930769031
1912015197
306746626
1220427941
5117446120
1800544640
5205961017
5153346529
1782215576
747461149
5711260908
5726590052
1713559396
5121142469
828958702
5416979010
1317486005
1328534636
5115733420
5464604699
5586686815
994710707
440163239
1743351989
1146232424
5379536213
1038585554
5744725649
841502900
1251379793
5305065947
1718962472
5549296558
1073288547
5041833381
1677239675
5374065618
5431091894
1789825744
2091544424
1061221050
5597431896
5709670236
5723713066
1973876343
1058753532
1614562726
5081620292
5385516279
1408097488
996440546
5253557544
1521477588
5650213193
1278357238
5771547983
1182346004
674144476
5058388813
2066868078
5630601039
5546706073
5521533570
1116828305
5760383289
5461701173
5766787331
5685698381
1265404057
1611738175
5039050502
5239762484
1600117045
5208282746
758553464
554130002
5274925167
1957287545
5287960880
5698663154
5057367659
5624477900
5653388106
519740999
5478960880
779162928
5562607089
5314315320
2031554441
5581338559
877064423
1671262545
5242393592
5751814666
5758565894
5120499498
5272055459
1116427715
627108237
5221151535
5335929752
5438106043
5456644295
1110201592
5649635418
5105165953
5290044112
5139182556
5240755267
883756864
5752144676
5065158358
1770960276
5577509164
5419355276
1173227449
5331902673
1699176489
5356925514
5143731084
5411836126
1952231476
5133314690
5285282155
5312334149
2033343022
1053130759
1843545868
667260564
5279225373
5241077899
2030088972
5125699591
5381343712
2061828038
5426935965
5061565079
932269973
5285824439
1931482967
183322825
5209176397
1628371986
5135826186
1270164912
5606243014
5797318728
1186450038
2027719377
2042488415
1473963141
5104431445
5476329655
1290409881
5301374690
5639925094
887695952
5428982771
1108429231
431177952
1248278484
1985793423
5057786958
5554110226
1528145462
1834996426
2143514251
5537349341
1544029401
2012122831
5269823131
5498775554
920981788
5762943523
5541882630
933072306
5760085520
966843350
1415302185
1390111854
530091840
2046565717
2090053169
1257142699
5734725601
1268763618
5662288438
5553325262
1677083523
5152362496
1693661729
962015835
1986645449
1458739902
520613198
5747262835
5243499286
1937807188
5493850268
5682806532
5726983131
1247225294
986166757
391559289
5285836080
5647722446
5271738918
1265698676
886332220
721137826
1052955079
5462671553
5218191466
1733609578
5562926743
5354084436
5295745271
1388839290
1156524923
5420764909
659243600
5685481677
1196339962
1090419337
1409865667
5201436439
2132862641
690137546
5359626516
5318963076
5633922552
5391133346
5011460604
867058507
5631810091
5711694844
5489063250
5362432847
5445907552
5670810428
5561608458
5607819029
2052956130
5560718516
398699787
613043761
1047292080
1436304891
1172974316
5100196261
5772867979
839998588
5643798034
652346845
1333240962
1865810233
5069793054
1091722740
633067570
5138928310
5387093578
820303512
967883472
5504413292
5041305843
1046262631
1632242763
838149895
735478142
1255573713
5695796742
706859628
777387034
1926290391
5384841602
1955226188
1664694201
988762633
5261012449
5077094934
5555325290
5369084334
899757422
1789226697
1258957756
5167212098
5629256993
5003786639
5460728666
658795217
5721892423
5412605705
1592511189
5455515148
821555016
5695637079
911738382
5506727581
725854394
935088993
5624530129
2133815940
5735694063
5797121805
5737905144
897796489
5574732097
5458852355
5781698239
5358950641
5585315849
5327780513
5721945160
5289565147
5696140398
5451687498
5559411088
5779644046
5778767913
5750622386
670755585
1165070363
5405717916
5609596988
5172709903
1694840970
5658438118
5039613618
5792434465
5429543970
5756848197
5719022483
5516696223
946840851
5475716117
5342625392
5198747711
1309461482
5260776517
1729138791
2028079760
5406131370
536080238
5095466803
1131192430
2056886596
656049043
1761280214
948869055
5734277186
5292974637
1956821348
1778115947
5597580464
2134140545
5113797410
5081072775
5755484886
1482029556
5276628317
5630553665
5560505771
5491154835
1063630441
5628969101
1494982937
5369345315
5303749051
5771269465
5269176576
967824194
1887445642
1324217056
1038942155
5787067766
2067576663
846782537
5632354914
5345318948
5680641373
5184169160
5693113430
5470545794
5744902749
1359690752
5249377432
2102898028
5546375222
1906865650
5032804466
5692795216
5410067846
5531077373
708239332
713743783
5334470995
5659614148
5574368362
5984438338
5719543014
5299355837
790104869
5177689076
831153918
5121164212
930385238
1361289869
5709154828
5272445598
5677873057
5877578823
5414459266
2090130672
5616646857
5617295489
5814097792
5890827446
5183495834
5803129787
5734140252
5779329718
5289674053
708005496
5358225398
5355057072
1219479222
1633491101
1099315942
5194019174
5670679414
1698001551
2105383156
1288097307
940239415
1826787548
759357079
748178809
1185096030
945751929
1308820347
5699018261
1570288785
1047085148
913931561
2034502631
5322425612
790040705
1119884811
5033757850
1044692207
1036963568
5808054893
711275993
966105880
5252767074
1158951199
926496124
5471248632
1299836462
860059455
5603494690
5958496603
5709482124
5846085425
5572350285
1200527100
619461167
5051231606
854884374
1609171743
1439490186
5461741367
5318346450
1187964975
5335751652
862241940
5608147431
1326392791
1353182557
5346478731
5825868009
2025654091
5315959633
5115396713
2103310568
5530538419
572805154
5383423931
5624102350
1983118495
5520547488
5540327696
5419322214
5812593056
5830645728
5495819921
1016786818
2094859504
5637530996
5463017669
5528681189
5750051139
1592282932
1603154134
840338073
1491843298
5672601528
1429316736
729203699
624797719
5386382278
2137753568
1887495100
1027911988
718602972
1221297256
5633203579
1341848275
852047658
1350644358
1191111893
775960555
767383091
1486382052
968338148
1681978928
979174387
848599687
5200431835
1883987223
5070367021
5580040059
5319364743
665218029
267567308
1059995440
1101018452
1314775785
5226841974
5649725108
5609760949
1017189646
1367801899
851875995
5100881758
5638652109
5959302124
5663679549
1116870095
1381037699
5898532668
5774837317
2018180442
5483912014
1206119537
2146493780
5857178576
1900469020
1285124554
702904155
1685348508
5633970210
5486481559
5583229864
950647347
5801166385
1226004359
5549357927
5599668197
2128821461
5879994346
5844317660
5968209526
5626493881
5147538441
1086338269
808198204
5575660352
1402876537
1734943627
1755427238
2124203583
5712736579
5914879946
5711742287
5652066363
2010134995
5294127538
5527963185
802161423
498154354
277588744
760984838
2136516086
339626043
1076582234
914612124
5860938523
5324503775
2040951885
1809789310
5941054298
5975720731
5838550258
5832977192
5532176881
948124785
1969429836
1191981215
5138469843
5779991749
940477662
5108531212
5746579903
1660139896
1838311502
5275288344
658870501
1229999973
1539063269
5953519260
5592464772
1917058355
831730196
800306540
5772851438
5768876563
1869010809
840285900
5220354538
5233235731
5395518632
1470948555
1660148739
5426915415
1233624778
2060181317
5238245165
5754902410
1495943054
1464730299
5206394622
1051842172
5909022805
1101657095
2112962100
5686816924
5946490662
1936004938
1900766903
5398703763
1359908409
722193635
5525185437
5105514711
5969817064
5903777011
5372475823
1468807394
5005842202
347016663
1293238410
964647404
5007705497
5860623311
814535233
5220015740
5784132425
1243101165
5813208855
5706942250
5571523967
5949552693
5845895342
5103071635
5730184448
1675928454
5955984082
5749639500
5591141396
5905856226
5654807129
5817135497
1427727504
802234777
1140499512
5753541805
1273994460
1710602960
5961128256
5506796549
5875405996
6202471356
5630280452
5859296336
5818520662
6204326624
6272259738
1159833498
1368649145
1116648330
5043914497
1037535973
5610974829
1402340028
5530236782
1363486547
6111967279
1631203769
1386277826
1594656497
739915259
5529945992
5830311857
6235399100
1697953262
5126847813
5124496947
5665169498
5348504293
2088827510
1095142987
5109141165
5373669827
1929941900
1924840047
5041662171
5981923077
6030006404
716159477
5169509650
5680463460
5954780470
1503230578
780579597
1132564640
6134313439
1445065843
1885616859
1574206453
5393151068
5593012740
5146852443
1368706990
5162443696
5741919414
1619047164
1434574927
1432627805
1030092996
1784806080
5592399651
1998866453
5549904852
2011620065
1825668577
5368695237
656397901
799765669
5909406897
2120249598
5767992674
6266449054
5686773757
1106576824
5517771630
5947655603
5298557696
5155189486
5794317573
1711061292
5477096256
622920001
1387371972
5904749453
5937970062
6048804535
1216327451
889522999
5995758359
5895573132
5764839481
6148980090
5905290875
5782223179
6136819468
1152076008
5964363105
1187759364
